0.5 1
0.59999999999999998 1
0.69999999999999996 1
0.79999999999999993 1
0.89999999999999991 2
0.99999999999999989 2
1.0999999999999999 2
1.2 2
1.3 3
1.4000000000000001 3
1.5000000000000002 3
1.6000000000000003 3
1.7000000000000004 4
1.8000000000000005 5
1.9000000000000006 5
2.0000000000000004 5
2.1000000000000005 6
2.2000000000000006 7
2.3000000000000007 8
2.4000000000000008 8
2.5000000000000009 9
2.600000000000001 11
2.7000000000000011 12
2.8000000000000012 12
2.9000000000000012 13
3.0000000000000013 16
3.1000000000000014 18
3.2000000000000015 18
3.3000000000000016 19
3.4000000000000017 24
3.5000000000000018 27
3.6000000000000019 27
3.700000000000002 28
3.800000000000002 36
3.9000000000000021 40
4.0000000000000018 40
4.1000000000000014 42
4.2000000000000011 53
4.3000000000000007 60
4.4000000000000004 60
4.5 62
4.5999999999999996 63
4.6999999999999993 81
4.7999999999999989 90
4.8999999999999986 91
4.9999999999999982 93
5.0999999999999979 104
5.1999999999999975 114
5.2999999999999972 125
5.3999999999999968 135
5.4999999999999964 68.5
5.5999999999999961 68.5
5.6999999999999957 68.5
5.7999999999999954 68.5
5.899999999999995 68.5
5.9999999999999947 68.5
6.0999999999999943 68.5
6.199999999999994 68.5
6.2999999999999936 68.5
6.3999999999999932 68.5
6.4999999999999929 68.5
6.5999999999999925 68.5
6.6999999999999922 1
6.7999999999999918 1
6.8999999999999915 2
6.9999999999999911 2
7.0999999999999908 2
7.1999999999999904 2
7.2999999999999901 4
7.3999999999999897 4
7.4999999999999893 4
7.599999999999989 4
7.6999999999999886 6
7.7999999999999883 6
7.8999999999999879 6
7.9999999999999876 7
8.0999999999999872 8
8.1999999999999869 8
8.2999999999999865 8
8.3999999999999861 8
8.4999999999999858 12
8.5999999999999854 12
8.6999999999999851 12
8.7999999999999847 13
8.8999999999999844 18
8.999999999999984 18
9.0999999999999837 18
9.1999999999999833 19
9.2999999999999829 27
9.3999999999999826 27
9.4999999999999822 27
9.5999999999999819 28
9.6999999999999815 34.1468
9.7999999999999812 34.1761
9.8999999999999808 34.2054
9.9999999999999805 34.2638
10.09999999999998 34.5835
10.19999999999998 34.6702
10.299999999999979 34.699
10.399999999999979 34.7854
10.499999999999979 35.1003
10.599999999999978 35.1573
10.699999999999978 35.1857
10.799999999999978 35.2993
10.899999999999977 35.6096
10.999999999999977 35.6658
11.099999999999977 35.6658
11.199999999999976 35.8337
11.299999999999976 36.1118
11.399999999999975 36.1671
11.499999999999975 36.1671
11.599999999999975 36.3327
11.699999999999974 36.6343
11.799999999999974 36.6616
11.899999999999974 36.6616
11.999999999999973 36.8521
12.099999999999973 37.1226
12.199999999999973 37.1495
12.299999999999972 37.1765
12.399999999999972 37.3643
12.499999999999972 37.6045
12.599999999999971 37.6311
12.699999999999971 37.6843
12.799999999999971 37.8696
12.89999999999997 38.1066
12.99999999999997 38.1329
13.099999999999969 38.1591
13.199999999999969 38.3943
13.299999999999969 38.6022
13.399999999999968 38.6281
13.499999999999968 38.654
13.599999999999968 38.8862
13.699999999999967 39.0914
13.799999999999967 39.117
13.899999999999967 39.1426
13.999999999999966 39.3973
14.099999999999966 39.5746
14.199999999999966 39.5999
14.299999999999965 39.6504
14.399999999999965 39.9269
14.499999999999964 40.052
14.599999999999964 40.077
14.699999999999964 40.1767
14.799999999999963 40.4249
14.899999999999963 40.5484
14.999999999999963 40.5731
15.099999999999962 40.6716
15.199999999999962 40.9168
15.299999999999962 41.0389
15.399999999999961 41.0632
15.499999999999961 41.1848
15.599999999999961 41.427
15.69999999999996 41.5235
15.79999999999996 41.5476
15.899999999999959 41.6918
15.999999999999959 41.9549
16.099999999999959 42.0025
16.19999999999996 42.0501
16.299999999999962 42.2163
16.399999999999963 42.4526
16.499999999999964 42.4997
16.599999999999966 42.5702
16.699999999999967 42.7344
16.799999999999969 42.9911
16.89999999999997 42.9911
16.999999999999972 43.0608
17.099999999999973 43.2463
17.199999999999974 43.477
17.299999999999976 43.5
17.399999999999977 43.5689
17.499999999999979 43.775
17.59999999999998 43.9802
17.699999999999982 43.9802
17.799999999999983 44.0484
17.899999999999984 44.2749
17.999999999999986 44.4552
18.099999999999987 44.5002
18.199999999999989 44.59
18.29999999999999 44.8138
18.399999999999991 44.9475
18.499999999999993 45.0142
18.599999999999994 45.0808
18.699999999999996 45.3242
18.799999999999997 45.4345
18.899999999999999 45.5224
19 45.6102
19.100000000000001 45.8508
19.200000000000003 45.938
19.300000000000004 46.0033
19.400000000000006 46.1336
19.500000000000007 46.3499
19.600000000000009 46.4146
19.70000000000001 46.5007
19.800000000000011 46.651
19.900000000000013 46.8649
20.000000000000014 46.9076
20.100000000000016 47.0141
20.200000000000017 47.1628
20.300000000000018 47.3744
20.40000000000002 47.3955
20.500000000000021 47.5219
20.600000000000023 47.69
20.700000000000024 47.8993
20.800000000000026 47.8993
20.900000000000027 48.0036
21.000000000000028 48.1908
21.10000000000003 48.3772
21.200000000000031 48.3979
21.300000000000033 48.5011
21.400000000000034 48.7069
21.500000000000036 48.8709
21.600000000000037 48.8913
21.700000000000038 49.0139
21.80000000000004 49.2176
21.900000000000041 49.3596
22.000000000000043 49.3799
22.100000000000044 49.5417
22.200000000000045 49.7431
22.300000000000047 49.8636
22.400000000000048 49.8837
22.50000000000005 50.0438
22.600000000000051 50.2433
22.700000000000053 50.3428
22.800000000000054 50.4023
22.900000000000055 50.5608
23.000000000000057 50.7583
23.100000000000058 50.837
23.20000000000006 50.9157
23.300000000000061 51.0726
23.400000000000063 51.2875
23.500000000000064 51.3265
23.600000000000065 51.4239
23.700000000000067 51.5598
23.800000000000068 51.7728
23.90000000000007 51.8114
24.000000000000071 51.9271
24.100000000000072 52.081
24.200000000000074 52.2727
24.300000000000075 52.2918
24.400000000000077 52.4064
24.500000000000078 52.5779
24.60000000000008 52.7867
24.700000000000081 52.8057
24.800000000000082 52.9003
24.900000000000084 53.0702
25.000000000000085 53.2771
25.100000000000087 53.2959
