0.10000000000000001 1
0.20000000000000001 1
0.30000000000000004 1
0.40000000000000002 1
0.5 2
0.59999999999999998 2
0.69999999999999996 2
0.79999999999999993 2
0.89999999999999991 3
0.99999999999999989 3
1.0999999999999999 3
1.2 3
1.3 4
1.4000000000000001 5
1.5000000000000002 5
1.6000000000000003 5
1.7000000000000004 6
1.8000000000000005 7
1.9000000000000006 8
2.0000000000000004 8
2.1000000000000005 9
2.2000000000000006 11
2.3000000000000007 12
2.4000000000000008 12
2.5000000000000009 13
2.600000000000001 16
2.7000000000000011 18
2.8000000000000012 18
2.9000000000000012 19
3.0000000000000013 24
3.1000000000000014 27
3.2000000000000015 27
3.3000000000000016 28
3.4000000000000017 36
3.5000000000000018 40
3.6000000000000019 41
3.700000000000002 43
3.800000000000002 53
3.9000000000000021 60
4.0000000000000018 60
4.1000000000000014 65
4.2000000000000011 75
4.3000000000000007 86
4.4000000000000004 90
4.5 93
4.5999999999999996 108
4.6999999999999993 118
4.7999999999999989 60.5
4.8999999999999986 60.5
4.9999999999999982 60.5
5.0999999999999979 60.5
5.1999999999999975 60.5
5.2999999999999972 60.5
5.3999999999999968 60.5
5.4999999999999964 60.5
5.5999999999999961 60.5
5.6999999999999957 60.5
5.7999999999999954 60.5
5.899999999999995 2
5.9999999999999947 2
6.0999999999999943 2
6.199999999999994 2
6.2999999999999936 4
6.3999999999999932 4
6.4999999999999929 4
6.5999999999999925 4
6.6999999999999922 6
6.7999999999999918 6
6.8999999999999915 6
6.9999999999999911 6
7.0999999999999908 8
7.1999999999999904 8
7.2999999999999901 8
7.3999999999999897 9
7.4999999999999893 10
7.599999999999989 10
7.6999999999999886 10
7.7999999999999883 10
7.8999999999999879 16
7.9999999999999876 16
8.0999999999999872 16
8.1999999999999869 16
8.2999999999999865 24
8.3999999999999861 24
8.4999999999999858 24
8.5999999999999854 24
8.6999999999999851 30.0666
8.7999999999999847 30.1331
8.8999999999999844 30.1331
8.999999999999984 30.1331
9.0999999999999837 30.1331
9.1999999999999833 30.4962
9.2999999999999829 30.6598
9.3999999999999826 30.6598
9.4999999999999822 30.6598
9.5999999999999819 15.3299
9.6999999999999815 15.3299
9.7999999999999812 15.3299
9.8999999999999808 15.3299
9.9999999999999805 15.5892
10.09999999999998 15.7172
10.19999999999998 15.7808
10.299999999999979 15.7808
10.399999999999979 16.1573
10.499999999999979 16.2192
10.599999999999978 16.2192
10.699999999999978 16.2808
10.799999999999978 16.646
10.899999999999977 16.706
10.999999999999977 16.7659
11.099999999999977 16.7659
11.199999999999976 17.2373
11.299999999999976 17.2373
11.399999999999975 17.2953
11.499999999999975 17.2953
11.599999999999975 17.7525
11.699999999999974 17.7525
11.799999999999974 17.7525
11.899999999999974 17.8089
11.999999999999973 18.2532
12.099999999999973 18.2532
12.199999999999973 18.2532
12.299999999999972 18.3626
12.399999999999972 18.7405
12.499999999999972 18.7405
12.599999999999971 18.7405
12.699999999999971 18.8471
12.799999999999971 19.2154
12.89999999999997 19.2154
12.99999999999997 19.2154
13.099999999999969 19.3193
13.199999999999969 19.6788
13.299999999999969 19.7296
13.399999999999968 19.7296
13.499999999999968 19.8813
13.599999999999968 20.1812
13.699999999999967 20.1812
13.799999999999967 20.2308
13.899999999999967 20.4278
13.999999999999966 20.6714
14.099999999999966 20.7197
14.199999999999966 20.7197
14.299999999999965 20.9599
14.399999999999965 21.1974
14.499999999999964 21.1974
14.599999999999964 21.2446
14.699999999999964 21.5255
14.799999999999963 21.7107
14.899999999999963 21.7107
14.999999999999963 21.7107
15.099999999999962 22.0311
15.199999999999962 22.2121
15.299999999999962 22.2121
15.399999999999961 22.2121
15.499999999999961 22.5253
15.599999999999961 22.7024
15.69999999999996 22.7024
15.79999999999996 22.7024
15.899999999999959 23.009
15.999999999999959 23.1823
16.099999999999959 23.1823
16.19999999999996 23.1823
16.299999999999962 23.5252
16.399999999999963 23.6525
16.499999999999964 23.6948
16.599999999999966 23.6948
16.699999999999967 24.0719
16.799999999999969 24.1549
16.89999999999997 24.1549
16.999999999999972 24.1963
17.099999999999973 24.6065
17.199999999999974 24.6471
17.299999999999976 24.6877
17.399999999999977 24.6877
17.499999999999979 25.1297
17.59999999999998 25.1297
17.699999999999982 25.1695
17.799999999999983 25.2489
17.899999999999984 25.6422
17.999999999999986 25.6812
18.099999999999987 25.6812
18.199999999999989 25.7978
18.29999999999999 26.1063
18.399999999999991 26.1446
18.499999999999993 26.1828
18.599999999999994 26.2973
18.699999999999996 26.5999
18.799999999999997 26.6375
18.899999999999999 26.6751
19 26.862
19.100000000000001 27.0846
19.200000000000003 27.1215
19.300000000000004 27.1584
19.400000000000006 27.3786
19.500000000000007 27.597
19.600000000000009 27.6332
19.70000000000001 27.6332
19.800000000000011 27.8856
19.900000000000013 28.0644
20.000000000000014 28.1
20.100000000000016 28.1356
20.200000000000017 28.4187
20.300000000000018 28.5592
20.40000000000002 28.5942
20.500000000000021 28.6292
20.600000000000023 28.942
20.700000000000024 29.0456
20.800000000000026 29.08
20.900000000000027 29.1144
21.000000000000028 29.4561
21.10000000000003 29.5578
21.200000000000031 29.5916
21.300000000000033 29.6592
21.400000000000034 29.9946
21.500000000000036 30.0613
21.600000000000037 30.0945
21.700000000000038 30.161
21.80000000000004 30.5237
21.900000000000041 30.5564
22.000000000000043 30.5892
22.100000000000044 30.7197
22.200000000000045 31.0115
22.300000000000047 31.0437
22.400000000000048 31.0759
22.50000000000005 31.2365
22.600000000000051 31.5234
22.700000000000053 31.5552
22.800000000000054 31.5552
22.900000000000055 31.7448
23.000000000000057 31.996
23.100000000000058 32.0272
23.20000000000006 32.0584
23.300000000000061 32.2762
23.400000000000063 32.4924
23.500000000000064 32.5232
23.600000000000065 32.5539
23.700000000000067 32.7989
23.800000000000068 32.9814
23.90000000000007 33.0117
24.000000000000071 33.042
24.100000000000072 33.3134
24.200000000000074 33.4632
24.300000000000075 33.523
24.400000000000077 33.523
24.500000000000078 33.8201
24.60000000000008 33.9677
24.700000000000081 33.9971
24.800000000000082 34.0265
24.900000000000084 34.3484
25.000000000000085 34.4937
25.100000000000087 34.4937
